,City,Cloudiness,Country,Date,Humidity,Lat,Lng,Max Temp,Wind Speed
0,Yellowknife,92,CA,1584630000,99,62.456,-114.3525,-8.77,7.61
1,Magdalena,95,PH,1584630000,95,14.1999,121.429,78.89,4.03
2,Lavrentiya,100,RU,1584630000,97,65.5833,-171.0,30.83,21.45
3,Nichinan,100,JP,1584630000,54,31.6,131.3667,56.03,17.65
4,Rikitea,100,PF,1584630000,79,-23.1203,-134.9692,78.71,9.51
5,Castro,33,BR,1584630000,74,-24.7911,-50.0119,76.19,6.71
6,San Quintín,40,MX,1584630000,59,30.4833,-115.95,56.39,2.77
7,George Town,15,MY,1584630000,86,5.4112,100.3354,81.73,1.52
8,Ushuaia,100,AR,1584630000,97,-54.8,-68.3,43.54,4.18
9,Puerto Ayora,79,EC,1584630000,71,-0.7393,-90.3518,81.0,7.2
10,Margate,100,GB,1584630000,89,51.3813,1.3862,47.86,17.76
11,Barrow,100,US,1584630000,79,71.2906,-156.7887,29.03,17.07
12,Saint George,38,US,1584630000,75,37.1041,-113.5841,42.35,2.57
13,Hofn,100,IS,1584630000,65,64.2539,-15.2082,32.09,2.33
14,Arraial do Cabo,91,BR,1584630000,80,-22.9661,-42.0278,82.27,11.65
15,Cape Town,3,ZA,1584630000,63,-33.9258,18.4232,72.45,7.85
16,Kristinestad,0,FI,1584630000,76,62.2743,21.376,38.21,7.23
17,East London,21,ZA,1584630000,76,-33.0153,27.9116,75.47,11.45
18,Jamestown,97,US,1584630000,85,42.097,-79.2353,50.81,1.3
19,Busselton,100,AU,1584630000,80,-33.65,115.3333,61.97,15.84
20,Lompoc,9,US,1584630000,75,34.6391,-120.4579,48.47,4.16
21,Kapaa,100,US,1584630000,98,22.0752,-159.319,67.82,3.04
22,Cayenne,88,GF,1584630000,60,4.9333,-52.3333,88.66,9.82
23,Albany,100,US,1584630000,97,42.6001,-73.9662,37.89,3.13
24,Olafsvik,68,IS,1584630000,81,64.8945,-23.7142,34.25,22.35
25,Tuktoyaktuk,89,CA,1584630000,83,69.4541,-133.0374,18.05,9.08
26,Nieuw Amsterdam,61,SR,1584630000,74,5.8833,-55.0833,83.97,13.76
27,Melenci,54,RS,1584630000,41,45.5139,20.3172,63.97,4.38
28,Hobart,100,AU,1584630000,72,-42.8794,147.3294,60.53,11.34
29,Punta Arenas,100,CL,1584630000,67,-53.15,-70.9167,50.99,24.58
30,Hermanus,0,ZA,1584630000,81,-34.4187,19.2345,72.59,3.87
31,Mataura,93,NZ,1584630000,88,-46.1927,168.8643,46.98,12.46
32,Lianzhou,60,CN,1584630000,92,24.7811,112.3825,62.69,0.36
33,Airai,64,TL,1584630000,91,-8.9266,125.4092,64.67,3.74
34,Tasiilaq,100,GL,1584630000,54,65.6145,-37.6368,19.58,31.81
35,Bilibino,100,RU,1584630000,97,68.0546,166.4372,-12.91,2.1
36,Hamilton,96,US,1584630000,90,39.1834,-84.5333,61.03,5.1
37,Itoman,100,JP,1584630000,90,26.1247,127.6694,66.65,21.21
38,Port Elizabeth,5,ZA,1584630000,76,-33.918,25.5701,75.7,12.48
39,Udachny,64,RU,1584630000,90,66.4167,112.4,7.79,17.6
40,Tessalit,18,ML,1584630000,8,20.1986,1.0114,101.21,12.66
41,Gladstone,0,AU,1584630000,82,-23.85,151.25,71.22,10.6
42,Pallasovka,65,RU,1584630000,33,50.05,46.8833,47.03,5.84
43,Codrington,0,AU,1584630000,84,-38.2667,141.9667,61.43,22.01
44,Severo-Kuril'sk,97,RU,1584630000,91,50.6789,156.125,23.45,6.53
45,Porosozero,66,RU,1584630000,82,62.7191,32.727,34.61,6.13
46,Safi,69,MA,1584630000,62,32.2994,-9.2372,67.37,13.47
47,Bègles,0,FR,1584630000,55,44.8084,-0.5481,68.86,10.07
48,Grand Gaube,0,MU,1584630000,71,-20.0064,57.6608,82.42,6.17
49,Port Victoria,100,KE,1584630000,79,0.0939,33.9756,74.21,17.92
50,Butaritari,76,KI,1584630000,82,3.0707,172.7902,81.95,18.66
51,Ponta do Sol,0,PT,1584630000,67,32.6667,-17.1,65.39,7.61
52,Gunjur,6,GM,1584630000,13,13.2019,-16.7339,97.61,8.37
53,Mnogovershinnyy,0,RU,1584630000,84,53.9353,139.9242,12.47,2.98
54,Mount Isa,0,AU,1584630000,32,-20.7333,139.5,76.73,10.33
55,Bredasdorp,32,ZA,1584630000,62,-34.5322,20.0403,71.69,10.51
56,Cabo San Lucas,100,MX,1584630000,63,22.8909,-109.9124,68.27,6.24
57,Vaini,72,TO,1584630000,80,-21.2,-175.2,81.46,18.03
58,Aklavik,88,CA,1584630000,75,68.2191,-135.0107,23.59,6.78
59,Carnarvon,100,AU,1584630000,67,-24.8667,113.6333,80.89,19.3
60,Mar del Plata,0,AR,1584630000,62,-38.0023,-57.5575,70.66,11.14
61,Korla,0,CN,1584630000,36,41.7597,86.1469,43.07,5.1
62,Hinesville,31,US,1584630000,64,31.8469,-81.5959,78.66,5.21
63,Pevek,100,RU,1584630000,97,69.7008,170.3133,-7.51,20.33
64,Caravelas,0,BR,1584630000,78,-17.7125,-39.2481,81.23,10.27
65,Qaanaaq,0,GL,1584630000,55,77.484,-69.3632,-15.07,4.56
66,Longyearbyen,57,SJ,1584630000,92,78.2186,15.6401,-10.43,4.47
67,Domoni,20,KM,1584630000,68,-12.2569,44.5319,84.29,7.4
68,Saint Paul Harbor,100,US,1584630000,70,57.79,-152.4072,35.69,4.43
69,Clyde River,90,CA,1584630000,85,70.4692,-68.5914,-6.97,20.51
70,Dikson,17,RU,1584630000,99,73.5069,80.5464,-18.31,6.87
71,Sørland,90,NO,1584630000,64,67.667,12.6934,32.81,22.53
72,Svetlaya,100,RU,1584630000,98,46.5389,138.3297,31.37,21.83
73,Khatanga,100,RU,1584630000,97,71.9667,102.5,-9.67,8.95
74,Ilulissat,73,GL,1584630000,59,69.2167,-51.1,31.06,8.34
75,Hilo,64,US,1584630000,93,19.7297,-155.09,65.75,2.13
76,Rovaniemi,100,FI,1584630000,79,66.5,25.7167,26.15,10.51
77,Yablonovo,76,RU,1584630000,67,50.8523,37.3574,56.21,10.18
78,Bethel,100,US,1584630000,97,41.3712,-73.414,42.66,5.7
79,Quatre Cocos,0,MU,1584630000,71,-20.2078,57.7625,82.71,11.25
80,Ossora,99,RU,1584630000,72,59.2353,163.0719,9.05,6.6
81,Banda Aceh,69,ID,1584630000,80,5.5577,95.3222,74.21,3.31
82,Birjand,24,IR,1584630000,38,32.8663,59.2211,61.79,7.36
83,Paamiut,100,GL,1584630000,87,61.994,-49.6678,25.97,20.85
84,Chokurdakh,0,RU,1584630000,85,70.6333,147.9167,-15.07,10.16
85,Avarua,100,CK,1584630000,82,-21.2078,-159.775,79.97,15.03
86,Kallaste,15,EE,1584630000,61,58.655,27.1592,44.06,11.92
87,Boende,68,CD,1584630000,45,-0.2167,20.8667,92.75,5.01
88,Sioux Lookout,100,CA,1584630000,93,50.1001,-91.917,22.19,8.03
89,Nongstoin,49,IN,1584630000,58,25.5167,91.2667,51.89,1.81
90,Isiolo,100,KE,1584630000,48,0.3546,37.5822,82.13,15.5
91,Thompson,92,CA,1584630000,95,55.7435,-97.8558,-8.59,5.66
92,Ørnes,97,NO,1584630000,55,66.8689,13.7078,32.95,10.02
93,City of San Pedro,100,PH,1584630000,71,14.35,121.0167,81.1,5.68
94,La Providencia,99,MX,1584630000,66,28.7167,-111.5833,56.21,10.02
95,‘Āhuimanu,100,US,1584630000,91,21.4447,-157.8378,69.1,7.25
96,Aksay,97,RU,1584630000,50,47.26,39.87,50.16,2.01
97,San Patricio,0,MX,1584630000,60,19.2167,-104.7,76.37,2.73
98,Hojāi,54,IN,1584630000,33,26.0,92.8667,74.03,2.24
99,Iqaluit,100,CA,1584630000,86,63.7506,-68.5145,1.31,8.63
100,Nacala,13,MZ,1584630000,91,-14.5428,40.6728,78.35,6.15
101,Chimbote,29,PE,1584630000,59,-9.0853,-78.5783,81.23,8.57
102,Nikolskoye,41,RU,1584630000,65,59.7035,30.7861,41.27,8.3
103,Aksarka,99,RU,1584630000,95,66.5606,67.7975,12.47,7.63
104,Faanui,100,PF,1584630000,65,-16.4833,-151.75,82.85,1.68
105,Port Alfred,37,ZA,1584630000,77,-33.5906,26.891,73.67,18.1
106,Akçaabat,55,TR,1584630000,81,41.0212,39.5715,43.09,1.23
107,Bengkulu,100,ID,1584630000,95,-3.8004,102.2655,74.57,2.39
108,Bamboo,3,JM,1584630000,73,18.3922,-77.2643,81.52,19.57
109,Ishigaki,100,JP,1584630000,87,24.3448,124.1572,69.17,13.06
110,Buraidah,0,SA,1584630000,15,26.326,43.975,78.66,3.76
111,Saldanha,16,ZA,1584630000,78,-33.0117,17.9442,72.84,15.19
112,Kruisfontein,1,ZA,1584630000,73,-34.0033,24.7314,72.05,18.39
113,Atuona,16,PF,1584630000,76,-9.8,-139.0333,81.59,16.87
114,New Norfolk,100,AU,1584630000,95,-42.7826,147.0587,55.08,3.83
115,Ginda,92,IN,1584630000,82,30.6945,78.4932,49.19,3.06
116,Langsa,82,ID,1584630000,78,4.4683,97.9683,76.37,2.84
117,Yoichi,22,JP,1584630000,91,43.2039,140.7703,36.59,9.57
118,Metro,100,ID,1584630000,91,-5.1131,105.3067,76.55,3.74
119,Mount Gambier,0,AU,1584630000,84,-37.8333,140.7667,60.53,9.6
120,North Myrtle Beach,100,US,1584630000,77,33.816,-78.68,74.79,8.75
121,Ati,100,TD,1584630000,8,13.2154,18.3353,102.29,7.47
122,Basco,100,PH,1584630000,83,20.4487,121.9702,77.45,3.53
123,Santo Estêvão,79,BR,1584630000,40,-12.4303,-39.2514,99.05,2.33
124,Sijunjung,100,ID,1584630000,99,-0.6876,100.9537,70.25,0.4
125,Coahuayana Viejo,9,MX,1584630000,49,18.7333,-103.6833,77.81,3.89
126,Knysna,18,ZA,1584630000,69,-34.0363,23.0471,71.51,9.55
127,Pozo Colorado,100,PY,1584630000,77,-23.4923,-58.7972,81.05,5.68
128,Flinders,0,AU,1584630000,65,-34.5833,150.8552,73.85,6.67
129,Bilma,0,NE,1584630000,6,18.6853,12.9164,95.45,9.86
130,Rundu,99,NA,1584630000,72,-17.9333,19.7667,79.07,9.04
131,Eilat,0,IL,1584630000,30,29.5581,34.9482,69.91,11.59
132,Gobabis,85,NA,1584630000,29,-22.45,18.9667,83.88,7.09
133,Mawlaik,0,MM,1584630000,26,23.6333,94.4167,72.05,2.33
134,Maragogi,81,BR,1584630000,77,-9.0122,-35.2225,82.13,15.82
135,San Vicente,98,AR,1584630000,82,-26.6167,-54.1333,73.85,2.39
136,El Fuerte,100,MX,1584630000,63,26.4189,-108.6194,66.65,3.22
137,Turukhansk,96,RU,1584630000,90,65.8167,87.9833,3.65,5.91
138,Yangi Marg`ilon,0,UZ,1584630000,31,40.4272,71.7189,68.99,3.13
139,Kapuskasing,100,CA,1584630000,98,49.4169,-82.4331,29.75,5.44
140,Sturgeon Falls,60,CA,1584630000,73,46.3646,-79.9326,37.63,3.83
141,Bathsheba,0,BB,1584630000,71,13.2167,-59.5167,83.57,18.79
142,Thinadhoo,100,MV,1584630000,70,0.5333,72.9333,85.37,5.39
143,Nanortalik,100,GL,1584630000,90,60.1432,-45.2371,29.21,2.33
144,Hithadhoo,68,MV,1584630000,69,-0.6,73.0833,84.47,6.26
145,Vestmannaeyjar,35,IS,1584630000,52,63.4427,-20.2734,34.38,4.12
146,Portobelo,1,PA,1584630000,74,9.55,-79.65,81.72,9.6
147,Roebourne,1,AU,1584630000,61,-20.7833,117.1333,84.83,7.49
148,Havøysund,100,NO,1584630000,75,70.9963,24.6622,21.29,24.36
149,Vila do Maio,78,CV,1584630000,76,15.1333,-23.2167,73.67,17.83
150,Cherskiy,81,RU,1584630000,96,68.75,161.3,-32.71,8.12
151,Rocha,25,UY,1584630000,57,-34.4833,-54.3333,73.49,24.43
152,Narsaq,100,GL,1584630000,93,60.9167,-46.05,35.38,5.28
153,Kailua,100,US,1584630000,81,21.4022,-157.7394,74.03,21.7
154,Okha,99,RU,1584630000,94,53.5739,142.9478,18.41,1.14
155,Bluff,98,NZ,1584630000,58,-46.6,168.3333,52.88,16.78
156,Mahébourg,10,MU,1584630000,80,-20.4081,57.7,78.82,7.4
157,Belmonte,13,BR,1584630000,74,-15.8631,-38.8828,84.47,4.63
158,Salalah,28,OM,1584630000,88,17.0151,54.0924,73.26,5.59
159,Tongchuanshi,0,CN,1584630000,22,35.0806,109.0897,54.05,3.0
160,Bac Lieu,14,VN,1584630000,83,9.285,105.7244,75.83,3.58
161,Leningradskiy,93,RU,1584630000,88,69.3833,178.4167,0.59,25.28
162,Sanary-sur-Mer,0,FR,1584630000,75,43.1178,5.8001,65.05,14.92
163,Port Moresby,100,PG,1584630000,80,-9.4431,147.1797,81.95,22.39
164,Anadyr,100,RU,1584630000,96,64.75,177.4833,27.82,10.16
165,Kudahuvadhoo,56,MV,1584630000,74,2.6708,72.8944,85.01,6.55
166,Hattiesburg,95,US,1584630000,86,31.3271,-89.2903,76.39,9.57
167,Willowmore,0,ZA,1584630000,24,-33.2926,23.4895,79.07,3.69
168,Goderich,100,CA,1584630000,82,43.7501,-81.7165,42.53,7.07
169,Caxias,0,PT,1584630000,82,38.7031,-9.2767,65.21,9.95
170,La Cruz,97,MX,1584630000,63,23.9167,-106.9,71.69,2.37
171,Kavieng,80,PG,1584630000,74,-2.5744,150.7967,83.21,7.54
172,Samara Oblast,46,RU,1584630000,50,53.0,50.0,44.89,14.03
173,Inuvik,73,CA,1584630000,82,68.3499,-133.7218,22.68,11.99
174,Upernavik,29,GL,1584630000,69,72.7868,-56.1549,0.23,5.77
175,Provideniya,100,RU,1584630000,98,64.3833,-173.3,29.03,8.25
176,Mossamedes,69,AO,1584630000,80,-15.1961,12.1522,79.61,11.32
177,Samaná,19,DO,1584630000,74,19.2056,-69.3369,81.41,8.14
178,Katsuura,100,JP,1584630000,84,35.1333,140.3,66.11,50.17
179,Tcholliré,74,CM,1584630000,7,8.4022,14.1698,106.79,5.46
180,Nyurba,0,RU,1584630000,85,63.2842,118.3319,9.95,9.19
181,Shenjiamen,0,CN,1584630000,61,29.9576,122.298,53.51,10.69
182,Al Bardīyah,32,LY,1584630000,62,31.7561,25.0865,55.67,10.33
183,Torbay,0,CA,1584630000,65,47.6666,-52.7314,29.44,12.82
184,Saint-Philippe,24,RE,1584630000,65,-21.3585,55.7679,79.65,14.52
185,Derzhavīnsk,0,KZ,1584630000,90,51.1,66.3167,23.09,12.17
186,Plettenberg Bay,1,ZA,1584630000,87,-34.0527,23.3716,67.91,12.88
187,Kloulklubed,70,PW,1584630000,80,7.0419,134.2556,82.67,10.56
188,Ribeira Brava,0,PT,1584630000,71,32.65,-17.0667,65.57,8.61
189,Northam,100,GB,1584630000,93,51.0333,-4.2167,45.39,10.25
190,Obo,31,CF,1584630000,38,5.3998,26.4869,91.13,3.78
191,Kon Tum,24,VN,1584630000,81,14.35,108.0,68.45,3.22
192,North Vernon,100,US,1584630000,91,39.0062,-85.6236,59.79,10.11
193,Huanta,100,PE,1584630000,76,-12.9333,-74.25,62.15,3.22
194,Ayan,0,RU,1584630000,74,56.45,138.1667,7.07,7.05
195,Cap Malheureux,0,MU,1584630000,70,-19.9842,57.6142,81.41,12.21
196,Karoi,32,ZW,1584630000,84,-16.8099,29.6925,72.05,2.51
197,Esim,96,GH,1584630000,63,4.8699,-2.2405,88.61,10.96
198,Octeville,0,FR,1584630000,77,49.6261,-1.6435,54.59,11.18
199,Lebu,0,CL,1584630000,40,-37.6167,-73.65,67.55,6.6
200,Port Hedland,0,AU,1584630000,63,-20.3167,118.5667,85.19,5.48
201,Ilo,61,PE,1584630000,88,-17.6394,-71.3375,72.05,6.06
202,Kembaran,100,ID,1584630000,93,-7.3834,110.0017,77.32,1.77
203,Narrabri,0,AU,1584630000,43,-30.3167,149.7833,66.29,3.49
204,Haines Junction,0,CA,1584630000,92,60.7522,-137.5108,9.95,3.13
205,Port Hawkesbury,5,CA,1584630000,58,45.6169,-61.3485,37.47,5.55
206,Antofagasta,48,CL,1584630000,79,-23.65,-70.4,66.65,11.41
207,Pathein,0,MM,1584630000,78,16.7833,94.7333,77.27,9.44
208,São João da Barra,45,BR,1584630000,74,-21.6403,-41.0511,84.36,7.78
209,Zyryanka,0,RU,1584630000,90,65.75,150.85,-19.21,11.03
210,Piaçabuçu,33,BR,1584630000,68,-10.4056,-36.4344,86.81,9.53
211,Ulaangom,100,MN,1584630000,92,49.9811,92.0667,22.01,0.74
212,Usinsk,100,RU,1584630000,96,65.9939,57.5281,28.13,10.56
213,Roald,35,NO,1584630000,91,62.5833,6.1333,36.77,8.55
214,Chapais,99,CA,1584630000,92,49.7834,-74.8492,26.87,4.59
215,Norman Wells,100,CA,1584630000,96,65.282,-126.8329,21.29,5.64
216,Dingle,4,PH,1584630000,76,10.9995,122.6711,75.29,8.08
217,Guane,69,CU,1584630000,70,22.2025,-84.0875,77.99,19.06
218,Kalmar,6,SE,1584630000,52,56.6616,16.3616,49.53,10.92
219,Dongzhen,100,CN,1584630000,87,22.3797,110.9389,69.89,1.14
220,Tuatapere,45,NZ,1584630000,93,-46.1333,167.6833,45.52,3.8
221,Talnakh,100,RU,1584630000,99,69.4865,88.3972,-6.77,3.56
222,Black River,0,JM,1584630000,66,18.0264,-77.8487,82.42,7.92
223,Broome,100,US,1584630000,94,42.2506,-75.833,44.51,5.44
224,Omboué,100,GA,1584630000,93,-1.5746,9.2618,77.81,6.2
225,Mezen',84,RU,1584630000,93,65.8522,44.24,19.85,8.57
226,Dori,59,BF,1584630000,10,14.0354,-0.0345,107.33,6.89
227,Port Augusta,35,AU,1584630000,49,-32.5,137.7667,65.35,10.47
228,Te Anau,66,NZ,1584630000,67,-45.4167,167.7167,47.93,9.53
229,Itarema,95,BR,1584630000,75,-2.9248,-39.9167,85.55,8.46
230,Lorengau,70,PG,1584630000,68,-2.0226,147.2712,83.93,3.94
231,Khani,100,GE,1584630000,96,41.9563,42.9566,44.33,3.58
232,Constitución,0,CL,1584630000,43,-35.3333,-72.4167,67.19,8.1
233,Hong Kong,86,HK,1584630000,81,22.2855,114.1577,71.51,0.25
234,Baghdad,0,IQ,1584630000,36,33.3406,44.4009,66.29,8.03
235,Fortuna,0,US,1584630000,94,40.5982,-124.1573,37.17,3.56
236,Natal,64,BR,1584630000,71,-5.795,-35.2094,86.0,7.38
237,Hualmay,25,PE,1584630000,62,-11.0964,-77.6139,78.35,8.3
238,Monteagudo,99,BO,1584630000,94,-19.8167,-63.9833,71.87,3.94
239,Terrace,88,CA,1584630000,84,54.5163,-128.6035,31.12,3.83
240,Srikakulam,18,IN,1584630000,76,18.3,83.9,76.91,6.24
241,Lüderitz,0,NA,1584630000,87,-26.6481,15.1594,68.49,16.24
242,Ambilobe,98,MG,1584630000,88,-13.2,49.05,78.89,3.69
243,Ladário,0,BR,1584630000,42,-19.0047,-57.6017,96.1,4.03
244,Jacqueville,99,CI,1584630000,82,5.2052,-4.4146,86.94,17.63
245,Punta de Piedra,98,VE,1584630000,35,7.6176,-71.4916,90.95,4.92
246,Ust-Tsilma,100,RU,1584630000,94,65.441,52.1498,27.41,7.25
247,Gazli,100,UZ,1584630000,33,40.1333,63.45,67.91,21.34
248,Bulolo,100,PG,1584630000,96,-7.2,146.65,65.93,1.74
249,Avera,70,US,1584630000,77,33.194,-82.5271,73.67,7.54
250,Ribeira Grande,98,PT,1584630000,66,38.5167,-28.7,59.58,10.74
251,Hay River,77,CA,1584630000,92,60.8156,-115.7999,-0.67,6.76
252,Moindou,19,NC,1584630000,88,-21.6924,165.677,68.63,2.62
253,Sorong,60,ID,1584630000,98,-0.8833,131.25,74.03,1.48
254,Atar,0,MR,1584630000,12,20.5169,-13.0499,81.95,10.83
255,Malmesbury,0,ZA,1584630000,55,-33.4608,18.7271,73.67,12.57
256,Souillac,10,MU,1584630000,80,-20.5167,57.5167,79.21,7.4
257,Batemans Bay,75,AU,1584630000,46,-35.7167,150.1833,69.71,7.27
258,Teknāf,67,BD,1584630000,61,20.8624,92.3058,68.09,3.0
259,Rehoboth,98,NA,1584630000,28,-23.3167,17.0833,81.95,2.75
260,Cossato,0,IT,1584630000,39,45.5739,8.1817,66.94,4.34
261,Tigzirt,54,DZ,1584630000,85,36.8886,4.1198,59.45,24.34
262,Abonnema,100,NG,1584630000,66,4.7084,6.7931,90.82,11.45
263,Ostrovnoy,100,RU,1584630000,82,68.0531,39.5131,20.39,8.05
264,Tiksi,100,RU,1584630000,86,71.6872,128.8694,-1.93,13.18
265,Mishkino,100,RU,1584630000,85,55.3389,63.9175,35.15,14.54
266,Camacha,59,PT,1584630000,78,33.0833,-16.3333,63.73,21.32
267,Kiryat Gat,87,IL,1584630000,78,31.61,34.7642,54.66,23.29
268,The Valley,0,AI,1584630000,73,18.217,-63.0578,79.39,15.23
269,Mandalgovi,98,MN,1584630000,71,45.7625,106.2708,30.29,13.6
270,Yaan,99,NG,1584630000,26,7.3833,8.5667,103.19,5.68
271,San Felipe,28,VE,1584630000,54,10.3399,-68.7425,85.19,10.27
272,Kisangani,96,CD,1584630000,50,0.5167,25.2,89.33,2.35
273,Petropavlovsk-Kamchatskiy,0,RU,1584630000,81,53.0452,158.6483,19.94,9.22
274,Cidreira,0,BR,1584630000,72,-30.1811,-50.2056,78.71,12.37
275,Alibag,0,IN,1584630000,76,18.6411,72.8792,69.89,2.48
276,Gaza,53,PS,1584630000,61,31.5,34.4667,58.01,20.98
277,Ryōtsu-minato,66,JP,1584630000,80,38.0833,138.4333,50.45,20.33
278,Kaitangata,79,NZ,1584630000,64,-46.2817,169.8464,55.22,36.89
279,São Filipe,2,CV,1584630000,76,14.8961,-24.4956,67.19,23.64
280,Severnyy,81,RU,1584630000,64,50.677,36.5532,56.23,8.39
281,Los Llanos de Aridane,24,ES,1584630000,75,28.6585,-17.9182,67.37,15.57
282,Marivan,82,IR,1584630000,73,35.5219,46.176,47.75,8.08
283,Pekan,90,MY,1584630000,72,3.4836,103.3996,81.55,9.42
284,Asău,94,RO,1584630000,51,46.4333,26.4,62.42,4.83
285,San Jose,83,US,1584630000,74,37.3394,-121.895,47.75,0.96
286,Arawa,12,PG,1584630000,80,-6.2132,155.5367,80.69,5.99
287,Nome,100,US,1584630000,87,64.5011,-165.4064,32.63,17.98
288,Trzebiatów,26,PL,1584630000,67,54.0615,15.2648,45.41,8.7
289,Banyo,100,CM,1584630000,9,6.75,11.8167,98.87,8.88
290,Antequera,99,ES,1584630000,73,37.0194,-4.5612,63.39,10.74
291,Ust-Maya,27,RU,1584630000,95,60.4167,134.5333,-4.63,3.04
292,Sungai Penuh,100,ID,1584630000,98,-2.0833,101.3833,63.05,2.26
293,Buala,18,SB,1584630000,75,-8.145,159.5921,81.05,1.63
294,Saint Anthony,100,US,1584630000,97,45.0205,-93.218,37.94,4.14
295,Geraldton,100,AU,1584630000,64,-28.7667,114.6,75.65,22.53
296,Solenzo,94,BF,1584630000,21,12.1833,-4.0833,103.37,4.76
297,Čajniče,4,BA,1584630000,35,43.5575,19.0711,55.17,3.53
298,Ushtobe,100,KZ,1584630000,88,45.2514,77.9838,43.61,5.61
299,Tatarsk,100,RU,1584630000,95,55.219,75.9828,30.83,14.27
300,Santa Rosa,100,PH,1584630000,71,14.3122,121.1114,81.1,5.68
301,Kungurtug,0,RU,1584630000,84,50.5994,97.5228,9.77,3.91
302,Paita,42,PE,1584630000,50,-5.0892,-81.1144,85.01,6.2
303,Langxiang,0,CN,1584630000,93,46.95,128.8833,21.11,3.29
304,Dunedin,42,NZ,1584630000,73,-45.8742,170.5036,52.95,25.9
305,Kita,0,ML,1584630000,6,13.0349,-9.4895,106.25,5.66
306,Sfântu Gheorghe,100,RO,1584630000,50,45.8667,25.7833,56.66,6.55
307,College,100,US,1584630000,92,64.8569,-147.8028,23.63,3.4
308,Kalabo,100,ZM,1584630000,73,-14.97,22.6814,73.85,3.29
309,Esperance,100,AU,1584630000,80,-33.8667,121.9,65.03,10.54
310,Alyangula,98,AU,1584630000,79,-13.8483,136.4192,78.53,7.0
311,Ahipara,92,NZ,1584630000,75,-35.1667,173.1667,64.67,13.51
312,Garissa,100,KE,1584630000,35,-0.4536,39.6401,93.47,7.29
313,Muravlenko,100,RU,1584630000,94,63.7898,74.523,22.37,3.42
314,Shitanjing,72,CN,1584630000,18,39.2342,106.3439,52.79,10.02
315,Mahajanga,0,MG,1584630000,73,-15.7167,46.3167,86.86,9.44
316,Rawson,34,AR,1584630000,75,-43.3002,-65.1023,60.35,12.06
317,Pueblo Bello,43,CO,1584630000,67,8.2041,-76.526,86.36,2.95
318,Berlevåg,100,NO,1584630000,81,70.8578,29.0864,22.73,26.71
319,Santiago,0,CL,1584630000,31,-33.4569,-70.6483,69.71,6.42
320,Peniche,0,PT,1584630000,70,39.3558,-9.3811,66.78,9.24
321,Bertoua,53,CM,1584630000,29,4.5833,13.6833,95.09,4.27
322,Palana,100,RU,1584630000,94,59.1167,159.9667,10.49,8.99
323,Touros,94,BR,1584630000,72,-5.1989,-35.4608,86.14,10.56
324,Mareeba,8,AU,1584630000,98,-17.0,145.4333,68.58,2.01
325,Mahrīz,0,IR,1584630000,12,31.5917,54.4318,68.99,15.23
326,Xiongzhou,85,CN,1584630000,96,25.1167,114.3,59.63,1.05
327,Comodoro Rivadavia,100,AR,1584630000,81,-45.8667,-67.5,59.09,13.98
328,Chui,3,UY,1584630000,53,-33.6971,-53.4616,77.09,15.32
329,Wołów,99,PL,1584630000,68,51.3366,16.6443,57.06,5.1
330,Karlskrona,1,SE,1584630000,67,56.1616,15.5866,49.75,15.39
331,Poum,0,NC,1584630000,77,-20.2333,164.0167,79.07,25.37
332,Yanliang,0,CN,1584630000,21,34.6592,109.2292,56.75,5.66
333,Bambous Virieux,0,MU,1584630000,71,-20.3428,57.7575,81.91,11.79
334,Kitami,27,JP,1584630000,73,43.8031,143.8908,38.75,10.31
335,Rio Grande,6,BR,1584630000,65,-32.035,-52.0986,80.89,12.5
336,Celendín,85,PE,1584630000,68,-6.8703,-78.1517,63.41,2.48
337,Gigmoto,23,PH,1584630000,79,13.7796,124.39,80.51,7.4
338,Naro Moru,100,KE,1584630000,68,-0.1676,37.0213,68.99,2.35
339,Fairbanks,100,US,1584630000,91,64.8378,-147.7164,21.81,1.28
340,Kefamenanu,97,ID,1584630000,96,-9.4467,124.4781,70.43,2.86
341,Zavet,0,BG,1584630000,37,43.7667,26.6667,59.27,5.35
342,Auki,100,SB,1584630000,73,-8.7676,160.7034,83.75,4.92
343,Yeniseysk,100,RU,1584630000,89,58.4497,92.1703,23.09,6.67
344,Våler,100,NO,1584630000,60,60.6785,11.8331,45.73,4.09
345,Port Lincoln,0,AU,1584630000,82,-34.7333,135.8667,61.79,9.8
346,Krosno Odrzańskie,84,PL,1584630000,73,52.0549,15.0988,58.75,5.68
347,Pangoa,0,PE,1584630000,58,-12.1167,-73.0,83.39,3.58
348,Machico,0,PT,1584630000,71,32.7,-16.7667,65.57,8.61
349,Yerbogachën,42,RU,1584630000,92,61.2767,108.0108,6.53,7.34
350,Havre-St-Pierre,83,CA,1584630000,84,50.2334,-63.5986,23.81,12.3
351,Dangara,40,IN,1584630000,45,29.6799,75.8931,71.69,5.84
352,Aljezur,40,PT,1584630000,78,37.3191,-8.8033,62.42,13.42
353,Mahalapye,100,BW,1584630000,31,-23.1041,26.8142,84.11,6.98
354,Bera,35,BD,1584630000,32,24.0833,89.6167,75.47,2.26
355,Kirakira,100,SB,1584630000,86,-10.4544,161.9205,77.09,2.68
356,Nísia Floresta,64,BR,1584630000,71,-6.0911,-35.2086,86.0,7.38
357,Malinovskiy,96,RU,1584630000,96,61.1953,62.8397,30.65,4.79
358,Mersing,100,MY,1584630000,71,2.4312,103.8405,82.04,12.33
359,Khartoum,100,SD,1584630000,5,15.5518,32.5324,91.67,13.0
360,Noblesville,100,US,1584630000,87,40.0456,-86.0086,52.43,11.12
361,Ayr,19,GB,1584630000,65,55.4627,-4.6339,47.21,11.07
362,Makassar,94,ID,1584630000,89,-5.14,119.4221,76.91,4.97
363,Troitsko-Pechorsk,100,RU,1584630000,98,62.7084,56.1964,31.73,2.66
364,Hasaki,100,JP,1584630000,89,35.7333,140.8333,64.13,41.96
365,Sovetskiy,100,RU,1584630000,98,61.3614,63.5842,31.91,5.21
366,Makakilo City,100,US,1584630000,91,21.3469,-158.0858,68.99,7.25
367,Kamaishi,67,JP,1584630000,76,39.2667,141.8833,45.95,9.19
368,Arrondissement de Saint-Dizier,56,FR,1584630000,60,48.4167,5.0833,65.37,3.71
369,Cavalcante,10,BR,1584630000,66,-13.7975,-47.4583,77.09,5.99
370,Port Blair,0,IN,1584630000,65,11.6667,92.75,82.31,8.03
371,Tilichiki,100,RU,1584630000,81,60.4667,166.1,11.39,13.6
372,Bonthe,0,SL,1584630000,58,7.5264,-12.505,86.99,12.64
373,Alappuzha,35,IN,1584630000,79,9.49,76.3264,80.51,2.98
374,Yar-Sale,100,RU,1584630000,89,66.8333,70.8333,7.07,8.9
375,Gualeguay,0,AR,1584630000,47,-33.1416,-59.3097,75.83,13.31
376,Bay Roberts,0,CA,1584630000,70,47.5999,-53.2648,30.58,11.03
377,Disna,0,BY,1584630000,52,55.568,28.1971,45.23,14.36
378,Iquique,0,CL,1584630000,62,-20.2208,-70.1431,76.28,6.08
379,Sakakah,0,SA,1584630000,18,29.9697,40.2064,65.77,12.84
380,El Real de Santa Maria,27,PA,1584630000,59,8.109,-77.7325,84.11,3.78
381,Agboville,82,CI,1584630000,49,5.928,-4.2132,93.83,4.65
382,Alice Springs,0,AU,1584630000,23,-23.7,133.8833,77.81,10.18
383,Kutum,0,SD,1584630000,9,14.2,24.6667,88.07,6.33
384,Matamoros,100,MX,1584630000,32,25.5333,-103.25,76.86,4.52
385,Rome,97,US,1584630000,89,43.2128,-75.4557,41.2,8.66
386,Chaah,20,MY,1584630000,80,2.249,103.048,74.57,3.22
387,Faya,47,SA,1584630000,69,18.3851,42.4509,64.31,11.32
388,Zabaykal'sk,91,RU,1584630000,67,49.6333,117.3167,21.29,6.93
389,Vallenar,0,CL,1584630000,55,-28.5708,-70.7581,70.25,8.95
390,Saskylakh,100,RU,1584630000,95,71.9167,114.0833,-5.35,15.46
391,San Rafael,0,AR,1584630000,29,-34.6177,-68.3301,76.19,4.54
392,Taoudenni,0,ML,1584630000,8,22.6783,-3.9836,90.05,16.93
393,Coyhaique,100,CL,1584630000,97,-45.5752,-72.0662,53.73,6.15
394,Popondetta,100,PG,1584630000,95,-8.7537,148.2534,72.95,4.83
395,Nador,100,MA,1584630000,86,35.174,-2.9287,58.91,17.4
396,Sakata,100,JP,1584630000,68,38.9167,139.855,49.91,9.73
397,Halifax,100,CA,1584630000,74,44.6453,-63.5724,34.81,6.73
398,Burnie,96,AU,1584630000,80,-41.0667,145.9167,59.27,12.44
399,Waitati,67,NZ,1584630000,73,-45.75,170.5667,52.59,25.95
400,Lexington,100,US,1584630000,93,37.9887,-84.4777,65.93,13.04
401,Carauari,100,BR,1584630000,59,-4.8828,-66.8958,89.33,1.57
402,Nouadhibou,0,MR,1584630000,67,20.931,-17.0347,71.71,21.94
403,Guerrero Negro,100,MX,1584630000,58,27.9769,-114.0611,58.19,4.0
404,Marrakesh,100,MA,1584630000,43,31.6315,-8.0083,63.05,2.64
405,Marzuq,100,YE,1584630000,49,14.4,46.4667,77.81,12.06
406,Oparino,100,RU,1584630000,97,59.8518,48.2783,32.81,6.24
407,Abidjan,100,CI,1584630000,55,5.3094,-4.0197,91.13,9.33
408,Isangel,77,VU,1584630000,82,-19.55,169.2667,77.99,16.51
409,Pisco,88,PE,1584630000,60,-13.7,-76.2167,78.13,6.82
410,Montes Altos,97,BR,1584630000,80,-5.8333,-47.0667,82.67,4.81
411,Pereira Barreto,58,BR,1584630000,73,-20.6383,-51.1092,84.47,5.53
412,Tabou,97,CI,1584630000,67,4.423,-7.3528,87.17,8.97
413,Hagondange,78,FR,1584630000,60,49.2513,6.1681,62.24,1.01
414,Mildura,0,AU,1584630000,36,-34.2,142.15,70.79,11.34
415,Belgrade,42,RS,1584630000,35,44.804,20.4651,63.97,4.41
416,Daru,70,PG,1584630000,93,-9.0763,143.2092,76.73,6.67
417,Tallahassee,0,US,1584630000,66,30.4383,-84.2807,77.52,7.65
418,Melipilla,0,CL,1584630000,38,-33.7,-71.2167,74.21,4.79
419,Krasnoarmiys'k,0,UA,1584630000,36,48.282,37.1758,50.09,6.26
420,Broken Hill,15,AU,1584630000,27,-31.95,141.4333,79.7,10.49
421,Lagoa,100,PT,1584630000,66,39.05,-27.9833,55.85,18.19
422,Vila Franca do Campo,22,PT,1584630000,66,37.7167,-25.4333,59.05,18.52
423,Samarai,91,PG,1584630000,93,-10.6167,150.6667,75.65,3.8
424,Bavly,100,RU,1584630000,67,54.393,53.2602,37.31,18.21
425,Muscat,76,OM,1584630000,37,23.6139,58.5922,82.13,4.88
426,Selma,94,US,1584630000,88,36.5708,-119.6121,46.72,5.73
427,Egvekinot,100,RU,1584630000,97,66.3167,-179.1667,25.61,5.01
428,La Asuncion,2,VE,1584630000,55,11.0333,-63.8628,84.47,13.24
429,Port Hardy,63,CA,1584630000,94,50.6996,-127.4199,36.32,3.53
430,Rajanpur,63,PK,1584630000,17,29.1035,70.325,81.05,4.79
431,Zapolyarnyy,91,RU,1584630000,75,69.4154,30.8136,18.23,19.39
432,Kembé,96,CF,1584630000,51,4.6228,21.8865,86.81,2.53
433,Vao,24,NC,1584630000,68,-22.6667,167.4833,76.55,16.84
434,Xining,0,CN,1584630000,23,36.6167,101.7667,39.65,6.53
435,Krishnarajasagara,100,IN,1584630000,46,12.4089,76.5797,83.08,9.17
436,Shar,0,KZ,1584630000,86,49.5886,81.0453,20.57,3.85
437,Yārāda,54,IN,1584630000,79,17.65,83.2667,82.67,2.86
438,Bronte,8,IT,1584630000,60,37.7895,14.8342,56.73,5.75
439,Sucre,100,BO,1584630000,86,-19.0333,-65.2627,48.16,4.92
440,Ndendé,100,GA,1584630000,89,-2.4008,11.3581,81.77,6.22
441,Kodinsk,100,RU,1584630000,93,58.6881,99.1844,15.53,5.06
442,Afonso Bezerra,100,BR,1584630000,48,-5.4983,-36.5056,91.49,7.65
443,Laguna,0,US,1584630000,90,38.421,-121.4238,41.27,3.69
444,Rincon,49,US,1584630000,67,32.296,-81.2354,78.51,5.84
445,Vardø,100,NO,1584630000,74,70.3705,31.1107,23.81,24.81
446,Fengxian,0,CN,1584630000,34,34.7039,116.5872,51.53,10.07
447,Hambantota,24,LK,1584630000,77,6.1241,81.1185,84.65,17.29
448,Fuxin,0,CN,1584630000,40,42.0156,121.6589,35.51,2.68
449,Srednekolymsk,0,RU,1584630000,91,67.45,153.6833,-24.79,4.14
450,Huinan,99,CN,1584630000,94,42.6225,126.2614,27.59,7.2
451,Santa Cruz de la Sierra,100,BO,1584630000,61,-17.8,-63.1667,87.35,2.24
452,Severodvinsk,96,RU,1584630000,93,64.5635,39.8302,30.2,6.51
453,Buşayrā,0,JO,1584630000,49,30.7376,35.6078,50.63,19.44
454,Moose Factory,100,CA,1584630000,85,51.2585,-80.6094,11.75,7.83
455,Salisbury,100,GB,1584630000,91,51.0693,-1.7957,46.6,10.13
456,Lugo,13,ES,1584630000,61,43.0,-7.5,68.56,4.38
457,Bandarbeyla,2,SO,1584630000,78,9.4942,50.8122,81.95,9.51
458,Amapá,89,BR,1584630000,62,1.0,-52.0,85.37,5.79
459,Russell,88,US,1584630000,73,32.3502,-85.1999,72.77,6.31
460,Balaipungut,100,ID,1584630000,90,1.05,101.2833,76.01,2.37
461,Huarmey,9,PE,1584630000,49,-10.0681,-78.1522,82.67,6.82
462,Klaksvík,66,FO,1584630000,65,62.2266,-6.589,39.16,15.64
463,Pravda,100,RU,1584630000,93,46.9396,142.009,36.41,9.33
464,Inverness,95,GB,1584630000,55,57.4791,-4.224,46.27,9.8
465,Yatou,0,CN,1584630000,41,37.15,122.3833,42.71,10.89
466,Rabat,100,MA,1584630000,69,33.9911,-6.8401,69.46,17.27
467,Nioro,0,GM,1584630000,9,13.35,-15.75,100.13,6.8
468,Lázaro Cárdenas,38,MX,1584630000,59,17.9583,-102.2,79.97,4.18
469,Fare,100,PF,1584630000,65,-16.7,-151.0167,82.85,1.86
470,Sterling,79,US,1584630000,79,39.0062,-77.4286,64.49,7.34
471,Riachão,100,BR,1584630000,76,-7.3619,-46.6172,83.03,4.99
472,Husavik,5,IS,1584630000,69,66.0449,-17.3389,25.97,11.81
473,Northampton,100,US,1584630000,97,40.8754,-75.2499,41.63,5.82
474,Onguday,0,RU,1584630000,80,50.75,86.15,10.31,6.71
475,El Salvador,0,SV,1584630000,50,13.8333,-88.9167,91.38,1.74
476,Porto-Novo,100,BJ,1584630000,61,6.4965,2.6036,90.23,14.45
477,Carupano,15,VE,1584630000,53,10.6678,-63.2585,85.73,6.24
478,Bestöbe,85,KZ,1584630000,88,52.4994,73.0975,28.13,16.02
479,Kavaratti,23,IN,1584630000,69,10.5669,72.642,84.29,8.34
480,Aurora,100,US,1584630000,96,39.7294,-104.8319,35.58,10.09
481,Mugumu,100,TZ,1584630000,88,-1.85,34.7,70.97,3.31
482,Marawi,0,PH,1584630000,92,7.9986,124.2928,75.7,3.98
483,Kirn,40,DE,1584630000,57,49.7833,7.45,61.47,4.45
484,Pringsewu,100,ID,1584630000,96,-5.3582,104.9744,72.23,2.64
485,Richards Bay,0,ZA,1584630000,77,-28.783,32.0377,77.27,6.87
486,Cookeville,100,US,1584630000,88,36.1628,-85.5016,69.06,9.82
487,Tura,82,IN,1584630000,37,25.5198,90.2201,71.69,3.31
488,Ipixuna,100,BR,1584630000,78,-1.7625,-48.8043,87.37,3.09
489,Lillesand,0,NO,1584630000,78,58.2488,8.3778,46.85,25.46
490,Mabaruma,0,GY,1584630000,66,8.2,-59.7833,83.75,5.93
491,Trincomalee,47,LK,1584630000,87,8.5711,81.2335,75.11,3.18
492,Goianésia,0,BR,1584630000,70,-15.3175,-49.1175,81.59,4.29
493,Nabire,89,ID,1584630000,92,-3.3667,135.4833,72.59,1.63
494,Lastoursville,100,GA,1584630000,58,-0.8143,12.7287,88.43,1.23
495,Morehead,100,US,1584630000,97,37.2711,-87.1764,64.22,10.31
496,Vila Velha,55,BR,1584630000,61,-20.3297,-40.2925,86.92,6.62
497,Peace River,0,CA,1584630000,92,56.2501,-117.286,7.32,4.36
498,Kieta,12,PG,1584630000,80,-6.2167,155.6333,80.69,5.99
499,Nuevo Progreso,53,MX,1584630000,82,23.1667,-97.95,77.36,9.31
500,Keetmanshoop,27,NA,1584630000,14,-26.5833,18.1333,96.35,4.0
501,Atherton,100,GB,1584630000,40,53.5237,-2.4935,49.73,6.08
502,Arlit,27,NE,1584630000,5,18.7369,7.3853,102.29,5.84
503,Bamako,0,ML,1584630000,5,12.65,-8.0,104.27,7.07
504,Taltal,7,CL,1584630000,67,-25.4,-70.4833,66.29,7.74
505,Arinos,36,BR,1584630000,56,-15.9169,-46.1056,90.23,0.89
506,Hearst,100,CA,1584630000,95,49.6835,-83.6665,28.85,5.73
507,Meulaboh,100,ID,1584630000,72,4.1363,96.1285,84.47,14.25
508,Marysville,0,US,1584630000,91,48.0518,-122.1771,37.72,1.97
509,Port-Gentil,100,GA,1584630000,79,-0.7193,8.7815,82.31,16.08
510,Yueyang,0,CN,1584630000,63,29.3333,113.0919,64.85,3.96
511,Kahului,68,US,1584630000,82,20.8947,-156.47,72.05,16.62
512,Sola,100,VU,1584630000,81,-13.8833,167.55,82.85,15.52
513,Minuri,75,PH,1584630000,77,16.535,121.8574,65.57,1.61
514,Bowen,0,AU,1584630000,87,-20.0167,148.2333,69.66,4.88
515,Corigliano Calabro,17,IT,1584630000,57,39.595,16.5177,53.87,5.26
516,Henties Bay,41,NA,1584630000,55,-22.116,14.2845,75.47,9.55
517,Padang,100,ID,1584630000,98,-0.9492,100.3543,67.91,0.98
518,Bukene,49,TZ,1584630000,81,-4.2333,32.8833,72.77,5.3
519,Salym,100,RU,1584630000,97,60.0625,71.4789,32.45,8.79
520,Barra do Garças,91,BR,1584630000,57,-15.89,-52.2567,95.5,0.74
521,Namatanai,100,PG,1584630000,75,-3.6667,152.4333,83.03,6.71
522,Deputatsky,100,RU,1584630000,99,69.3,139.9,-20.11,2.1
523,Nadvoitsy,100,RU,1584630000,96,63.8667,34.3167,31.55,6.08
524,Kotka,27,FI,1584630000,70,60.4664,26.9458,43.14,13.58
525,Kabinda,6,CD,1584630000,65,-6.1333,24.4833,81.23,5.03
526,Queenstown,78,ZA,1584630000,60,-31.8976,26.8753,73.49,16.98
527,Mahon,0,ES,1584630000,73,39.8885,4.2658,60.55,8.86
528,Areosa,33,PT,1584630000,88,41.7178,-8.8571,63.63,12.77
529,Muniz Freire,51,BR,1584630000,69,-20.4642,-41.4131,78.89,5.14
530,Bulgan,49,MN,1584630000,78,48.8125,103.5347,18.59,1.83
531,Kaputa,100,ZM,1584630000,95,-8.4689,29.6619,64.31,2.66
532,Khovd,70,MN,1584630000,65,48.0056,91.6419,32.45,2.44
533,La Santisima Trinidad,100,BO,1584630000,57,-14.8333,-64.9,88.88,7.07
534,Gönen,79,TR,1584630000,64,40.1049,27.654,47.1,14.12
535,Vostok,100,RU,1584630000,98,46.4856,135.8833,28.49,5.84
536,Pierre,100,US,1584630000,87,44.3683,-100.351,32.09,17.05
537,Sandwick,84,GB,1584630000,71,60.0,-1.25,43.25,12.75
538,Tucumã,100,BR,1584630000,82,-0.1833,-50.05,81.41,13.73
539,Adrar,0,MR,1584630000,16,20.5022,-10.0711,80.87,10.31
540,Yulin,100,CN,1584630000,92,22.6333,110.15,67.73,2.01
541,Örnsköldsvik,75,SE,1584630000,88,63.2909,18.7153,37.27,7.16
542,Karratha,39,AU,1584630000,77,-20.7377,116.8463,85.19,12.95
543,Honningsvåg,100,NO,1584630000,77,70.9821,25.9704,21.65,26.49
544,Saint-Pierre,0,RE,1584630000,59,-21.3393,55.4781,79.75,8.55
545,Nizhnyaya Tura,100,RU,1584630000,92,58.6293,59.8118,31.91,9.8
546,Parrita,0,CR,1584630000,53,9.5201,-84.3225,83.75,3.49
547,Fukuechō,100,JP,1584630000,54,32.6881,128.8419,53.51,25.55
548,Reinosa,0,ES,1584630000,40,42.9996,-4.138,64.13,6.2
549,Tres Picos,3,MX,1584630000,51,15.8667,-93.5333,82.49,2.01
550,Nexø,100,DK,1584630000,76,55.0607,15.1306,43.74,12.77
551,Colares,0,PT,1584630000,80,38.7992,-9.4469,63.48,5.86
552,Turaif,0,SA,1584630000,30,31.6725,38.6637,58.73,17.78
553,Caçu,84,BR,1584630000,62,-18.5567,-51.1308,85.37,3.04
554,Sal Rei,80,CV,1584630000,72,16.1833,-22.9167,71.94,18.34
555,Niquelândia,30,BR,1584630000,62,-14.4739,-48.4597,85.37,2.93
556,Kalmunai,100,LK,1584630000,74,7.4167,81.8167,82.85,9.55
557,Delyatyn,98,UA,1584630000,64,48.5235,24.6247,62.74,2.19
558,San Fernando,97,PH,1584630000,77,15.0286,120.6898,79.59,2.95
559,Biasca,0,CH,1584630000,80,46.3597,8.9697,60.39,4.7
560,Belaya Gora,0,RU,1584630000,74,68.5333,146.4167,-14.89,4.34
561,Česká Lípa,57,CZ,1584630000,57,50.6855,14.5376,58.86,3.6
562,Farafangana,65,MG,1584630000,70,-22.8167,47.8333,76.73,10.13
563,Surgut,100,RU,1584630000,97,61.25,73.4167,33.01,7.2
564,Rockport,100,US,1584630000,92,28.0206,-97.0544,72.66,14.18
565,Tazovsky,0,RU,1584630000,99,67.4667,78.7,-8.41,7.11
566,Antigonish,5,CA,1584630000,67,45.6169,-61.9986,37.63,5.73
567,Heraclea,100,TR,1584630000,64,37.5133,34.0467,34.25,3.02
568,Lamu,100,KE,1584630000,71,-2.2717,40.902,85.19,12.82
569,Upata,71,VE,1584630000,44,8.0086,-62.3989,87.35,5.91
570,St Helens,100,GB,1584630000,40,53.45,-2.7333,49.73,6.08
571,Bayangol,74,RU,1584630000,73,50.6977,103.4656,22.19,2.21
572,Ambon City,100,ID,1584630000,74,-3.6954,128.1814,81.95,1.54
573,Dera Ismail Khan,68,PK,1584630000,42,31.8327,70.9024,73.85,6.2
574,Varhaug,76,NO,1584630000,82,58.6147,5.6457,42.35,21.3
